chkd_n_1,chkd_n_2,chkd_n_3,chkd_n_4,chkd_n_5,chkd_s_1,chkd_s_2,chkd_s_3,chkd_s_4,chkd_s_5,chkd_s_6,gs_nrt_1,gs_nrt_2,gs_nrt_3,gs_nrt_4,gs_nrt_5,gs_nrt_6,gs_sth_s_1,gs_sth_s_2,gs_sth_s_3,gs_sth_s_4,gs_sth_s_5,gs_sth_s_6,gs_sth_w_1,gs_sth_w_2,gs_sth_w_3,gs_sth_w_4,gs_sth_w_5,gs_sth_w_6,mcmllns_n_1,mcmllns_n_2,mcmllns_n_3,mcmllns_n_4,mcmllns_n_5,mcmllns_n_6,mcmllns_s_1,mcmllns_s_2,mcmllns_s_3,mcmllns_s_4,mcmllns_s_5,mcmllns_s_6,trqt_n_2,trqt_n_3,trqt_n_4,trqt_n_5,trqt_n_6,trqt_s_1,trqt_s_2,trqt_s_3,trqt_s_4,trqt_s_5,trqt_s_6
0,0.3073770491803279,0.7731343283582089,0.31891891891891894,0.2237093690248566,0.27710843373493976,0.546448087431694,0.53125,0.34308943089430893,0.4915635545556805,0.3621867881548975,0.5378151260504201,0.7859531772575251,0.44360902255639095,0.7215189873417721,0.735593220338983,0.8345864661654135,0.8467432950191571,0.8449612403100775,0.6303630363036303,0.8021978021978022,0.4090909090909091,0.8449612403100775,0.6466876971608833,0.6787564766839378,0.5151515151515151,0.8867924528301887,0.7454545454545455,0.7541528239202658,0.7593582887700535,0.5988200589970502,0.6405797101449275,0.39732142857142855,0.92,0.6964285714285714,0.8370044052863436,0.6985871271585558,0.7777777777777778,0.8043795620437956,0.8165137614678899,0.9284916201117318,0.8641509433962264,0.7292307692307692,0.7993079584775087,0.8045602605863192,0.8819188191881919,0.8021978021978022,0.9346938775510204,0.951417004048583,0.684887459807074,0.8443804034582133,0.8235294117647058
0.3073770491803279,0,0.7805309734513274,0.3384615384615385,0.40331491712707185,0.4896551724137931,0.6113989637305699,0.6393939393939394,0.44251968503937006,0.5973597359735974,0.5468409586056645,0.5685483870967742,0.8620689655172413,0.4797136038186158,0.7440476190476191,0.746031746031746,0.8391608391608392,0.8647686832740213,0.8561151079136691,0.6470588235294118,0.78839590443686,0.5,0.8776978417266187,0.6676557863501483,0.6403940886699507,0.5085714285714286,0.8456140350877193,0.8171428571428572,0.8317757009345794,0.7868020304568528,0.5821727019498607,0.7041095890410959,0.5982905982905983,0.9259259259259259,0.7134831460674157,0.8776371308016878,0.7229832572298326,0.802731411229135,0.8326241134751773,0.8847262247838616,0.9519125683060109,0.9438596491228071,0.7797101449275362,0.8770226537216829,0.8715596330275229,0.8831615120274914,0.863481228668942,0.939622641509434,0.947565543071161,0.7462235649546828,0.8910081743869209,0.8904109589041096
0.7731343283582089,0.7805309734513274,0,0.8402029169308814,0.7445086705202312,0.8076448828606658,0.9084551811824539,0.5798592311857066,0.6201975850713501,0.4599236641221374,0.7849331713244229,0.8716577540106952,0.9774236387782205,0.8655043586550436,0.9487852921864741,0.952063914780293,0.9755600814663951,0.9700272479564033,0.9754266211604096,0.928476821192053,0.9608108108108108,0.8781270044900578,0.9822525597269625,0.9422572178477691,0.9209039548022598,0.8945998698763825,0.9782608695652174,0.9622641509433962,0.9681697612732095,0.9519291587602783,0.9120310478654593,0.9368556701030928,0.834441087613293,0.9849004804392587,0.9364873622812703,0.9662853702588802,0.9067245119305857,0.9349945828819068,0.9418604651162791,0.9752281616688396,0.9809705042816366,0.9932065217391305,0.9530026109660574,0.9759358288770054,0.9762219286657859,0.9783491204330176,0.9797297297297297,0.990358126721763,0.9931224209078404,0.9512516469038208,0.9806949806949807,0.9851250845165652
0.31891891891891894,0.3384615384615385,0.8402029169308814,0,0.37411764705882355,0.501577287066246,0.47761194029850745,0.7047970479704797,0.528046421663443,0.6864728192161821,0.5894428152492669,0.6137566137566137,0.8606965174129353,0.5282392026578073,0.6697247706422018,0.6548223350253807,0.8214285714285714,0.7668711656441718,0.75,0.4634146341463415,0.7142857142857143,0.4881889763779528,0.85,0.6438356164383562,0.6041666666666666,0.3879310344827586,0.8562874251497006,0.7672413793103449,0.7832512315270936,0.7608695652173914,0.5269709543568465,0.611336032388664,0.64,0.8552631578947368,0.6134453781512605,0.8820224719101124,0.7662337662337663,0.7929759704251387,0.8262350936967632,0.8427947598253275,0.9498117942283564,0.9640718562874252,0.7533039647577092,0.8638743455497382,0.8660287081339713,0.8959537572254336,0.8514285714285714,0.9183673469387755,0.9463087248322147,0.6807511737089202,0.9116465863453815,0.8850574712643678
0.2237093690248566,0.40331491712707185,0.7445086705202312,0.37411764705882355,0,0.3148936170212766,0.6199524940617577,0.48776978417266187,0.3253731343283582,0.5169491525423728,0.3319838056680162,0.5404896421845574,0.8870056497175142,0.5154185022026432,0.7681940700808625,0.7828571428571428,0.8629283489096573,0.8734177215189873,0.8849840255591054,0.6815642458100558,0.8292682926829268,0.4987714987714988,0.8977635782747604,0.7419354838709677,0.7097505668934241,0.574025974025974,0.89375,0.8337662337662337,0.8426966292134831,0.8041958041958042,0.6345177664974619,0.735,0.45129224652087474,0.921311475409836,0.7493606138107417,0.8821218074656189,0.7427745664739884,0.8213256484149856,0.8405405405405405,0.8900523560209425,0.9494736842105264,0.94375,0.8157894736842105,0.8837209302325582,0.8784530386740331,0.8895705521472392,0.8963414634146342,0.9533333333333334,0.9536423841059603,0.7704918032786885,0.9104477611940298,0.908256880733945
0.27710843373493976,0.4896551724137931,0.8076448828606658,0.501577287066246,0.3148936170212766,0,0.5399361022364217,0.49233390119250425,0.4092526690391459,0.5956937799043063,0.21761658031088082,0.4846335697399527,0.8292682926829268,0.3988439306358382,0.7110266159695817,0.6611570247933884,0.7934272300469484,0.7980769230769231,0.8146341463414634,0.664,0.7545454545454545,0.2909698996655518,0.8439024390243902,0.6666666666666666,0.6276276276276276,0.3862815884476534,0.8490566037735849,0.740072202166065,0.7661290322580645,0.7445482866043613,0.4965034965034965,0.6301369863013698,0.2759493670886076,0.8578680203045685,0.6325088339222615,0.8503740648379052,0.702054794520548,0.78839590443686,0.8132911392405063,0.8686131386861314,0.9429928741092637,0.9056603773584906,0.7352941176470589,0.8135593220338984,0.8267716535433071,0.8440366972477065,0.8545454545454545,0.9479166666666666,0.8969072164948454,0.689922480620155,0.8775510204081632,0.8812785388127854
0.546448087431694,0.6113989637305699,0.9084551811824539,0.47761194029850745,0.6199524940617577,0.5399361022364217,0,0.7509293680297398,0.645224171539961,0.7153748411689962,0.6083086053412463,0.6203208556149733,0.7461928934010152,0.6565656565656566,0.616822429906542,0.5544041450777202,0.7560975609756098,0.7484276729559748,0.7435897435897436,0.5223880597014925,0.6842105263157895,0.52,0.8333333333333334,0.6093023255813953,0.5915492957746479,0.4473684210526316,0.8159509202453987,0.7105263157894737,0.7185929648241206,0.5808823529411765,0.46835443037974683,0.5720164609053497,0.6994219653179191,0.8378378378378378,0.47863247863247865,0.8352272727272727,0.8018691588785046,0.7355679702048417,0.8250428816466552,0.8666666666666667,0.9092055485498108,0.8773006134969326,0.6771300448430493,0.7754010695187166,0.775609756097561,0.8224852071005917,0.8362573099415205,0.972027972027972,0.903448275862069,0.6363636363636364,0.8122448979591836,0.8705882352941177
0.53125,0.6393939393939394,0.5798592311857066,0.7047970479704797,0.48776978417266187,0.49233390119250425,0.7509293680297398,0,0.2554002541296061,0.2573044297832234,0.41407528641571195,0.6419753086419753,0.9023354564755839,0.6182136602451839,0.8729508196721312,0.8201284796573876,0.8812785388127854,0.9030023094688222,0.9255813953488372,0.8315789473684211,0.8741573033707866,0.6297709923664122,0.9209302325581395,0.754601226993865,0.7491039426523297,0.6733067729083665,0.8993135011441648,0.8725099601593626,0.87315010570824525,0.8388278388278388,0.6908023483365949,0.7794970986460348,0.535483870967742,0.9383886255924171,0.7874015748031497,0.8977635782747604,0.7676143386897404,0.8323057953144266,0.8553092182030338,0.9078156312625251,0.9512652296157451,0.9496567505720824,0.8350100603621731,0.9045553145336226,0.8997912317327766,0.9142212189616253,0.9056179775280899,0.9568345323741008,0.9522673031026253,0.8178053830227743,0.9113680154142582,0.9234234234234234
0.34308943089430893,0.44251968503937006,0.6201975850713501,0.528046421663443,0.3253731343283582,0.4092526690391459,0.645224171539961,0.2554002541296061,0,0.305019305019305,0.378839590443686,0.6115569823434992,0.8699551569506726,0.5641025641025641,0.7883369330453563,0.7647058823529411,0.8789346246973365,0.8970588235294118,0.9012345679012346,0.7422222222222222,0.861904761904762,0.5751503006012024,0.9209876543209876,0.7586206896551724,0.7448405253283302,0.6268343815513627,0.9029126213592233,0.8322851153039832,0.84375,0.8042226487523992,0.6666666666666666,0.7601626016260162,0.5159663865546219,0.9193954659949622,0.7556935817805382,0.8768718801996672,0.7576530612244898,0.8193384223918575,0.8509615384615384,0.9113924050632911,0.9404990403071017,0.9271844660194175,0.8177966101694916,0.8807339449541285,0.8766519823788547,0.8995215311004785,0.9095238095238095,0.9642857142857143,0.9543147208121827,0.8078602620087336,0.8906882591093117,0.918854415274463
0.4915635545556805,0.5973597359735974,0.4599236641221374,0.6864728192161821,0.5169491525423728,0.5956937799043063,0.7153748411689962,0.2573044297832234,0.305019305019305,0,0.5790697674418605,0.7168338907469343,0.875,0.7195121951219512,0.8344640434192673,0.8631284916201117,0.9243085880640466,0.9384164222873901,0.9410898379970545,0.8397790055248618,0.9221902017291066,0.7257438551099612,0.93519882179676,0.8373983739837398,0.8413878562577447,0.7683089214380826,0.956268221574344,0.8615179760319573,0.8698060941828255,0.8364779874213837,0.7710526315789473,0.814621409921671,0.663981588032221,0.9552906110283159,0.8150594451783355,0.888,0.7977315689981096,0.8226415094339623,0.8625678119349005,0.9064171122994652,0.9164133738601824,0.9183673469387755,0.8525469168900804,0.8873239436619719,0.8818681318681318,0.9335260115606936,0.9048991354466859,0.972972972972973,0.9670658682634731,0.8442622950819673,0.8880208333333334,0.9191919191919192
0.3621867881548975,0.5468409586056645,0.7849331713244229,0.5894428152492669,0.3319838056680162,0.21761658031088082,0.6083086053412463,0.41407528641571195,0.378839590443686,0.5790697674418605,0,0.5346756152125279,0.8888888888888888,0.43783783783783786,0.8536585365853658,0.7443609022556391,0.8734177215189873,0.8362068965517241,0.8427947598253275,0.7226277372262774,0.7622950819672131,0.3993808049535604,0.9039301310043668,0.7083333333333334,0.6470588235294118,0.4950166112956811,0.847457627118644,0.8471760797342193,0.8382352941176471,0.7971014492753623,0.5612903225806452,0.7025316455696202,0.360381861575179,0.9366515837104072,0.7068403908794788,0.8870588235294118,0.7335526315789473,0.8163934426229508,0.8384146341463414,0.8993288590604027,0.9607390300230947,0.9745762711864406,0.7837837837837838,0.8923076923076924,0.8848920863309353,0.8842975206611571,0.8934426229508197,0.9814814814814815,0.9541284403669725,0.75177304964539,0.9119496855345912,0.9259259259259259
0.5378151260504201,0.5685483870967742,0.8716577540106952,0.6137566137566137,0.5404896421845574,0.4846335697399527,0.6203208556149733,0.6419753086419753,0.6115569823434992,0.7168338907469343,0.5346756152125279,0,0.7198697068403909,0.4201474201474201,0.6790123456790124,0.636963696369637,0.8029197080291971,0.8438661710037175,0.8947368421052632,0.8006430868167203,0.8149466192170819,0.4722222222222222,0.8721804511278195,0.6184615384615385,0.40609137055837563,0.47928994082840237,0.8388278388278388,0.6804733727810651,0.7216828478964401,0.5287958115183246,0.45821325648414984,0.5524079320113314,0.47368421052631576,0.875968992248062,0.563953488372093,0.8354978354978355,0.6868217054263566,0.7063369397217929,0.8124098124098124,0.8507462686567164,0.9047619047619048,0.8681318681318682,0.7177177177177178,0.8181818181818182,0.7968253968253968,0.7921146953405018,0.8362989323843416,0.9209486166007905,0.9294117647058824,0.6990595611285266,0.7971830985915493,0.8357142857142857
0.7859531772575251,0.8620689655172413,0.9774236387782205,0.8606965174129353,0.8870056497175142,0.8292682926829268,0.7461928934010152,0.9023354564755839,0.8699551569506726,0.875,0.8888888888888888,0.7198697068403909,0,0.7478260869565218,0.46938775510204084,0.49206349206349204,0.5463917525773195,0.8043478260869565,0.8651685393258427,0.9104477611940298,0.75,0.825136612021858,0.6179775280898876,0.5540540540540541,0.7511520737327189,0.7515527950310559,0.7916666666666666,0.35403726708074534,0.3181818181818182,0.5609756097560976,0.6705882352941176,0.48863636363636365,0.7634408602150538,0.654320987654321,0.592814371257485,0.7403508771929824,0.8076923076923077,0.7659574468085106,0.8565891472868217,0.6455696202531646,0.8870523415977961,0.3958333333333333,0.46153846153846156,0.4,0.42028985507246375,0.5490196078431373,0.4230769230769231,0.7894736842105263,0.7692307692307693,0.4788732394366197,0.47191011235955055,0.3786407766990291
0.44360902255639095,0.4797136038186158,0.8655043586550436,0.5282392026578073,0.5154185022026432,0.3988439306358382,0.6565656565656566,0.6182136602451839,0.5641025641025641,0.7195121951219512,0.43783783783783786,0.4201474201474201,0.7478260869565218,0,0.7004048582995951,0.5663716814159292,0.817258883248731,0.8020833333333334,0.8412698412698413,0.7692307692307693,0.7254901960784313,0.33568904593639576,0.9153439153439153,0.5161290322580645,0.5772870662460567,0.38697318007662834,0.7653061224489796,0.7471264367816092,0.75,0.6852459016393443,0.4444444444444444,0.5869565217391305,0.43007915567282323,0.8895027624309392,0.5880149812734082,0.8701298701298701,0.6866197183098591,0.7614035087719299,0.827922077922078,0.875968992248062,0.9564164648910412,0.9693877551020408,0.734375,0.8636363636363636,0.8739495798319328,0.801980198019802,0.8823529411764706,0.9772727272727273,0.9775280898876404,0.7024793388429752,0.8705035971223022,0.8620689655172413
0.7215189873417721,0.7440476190476191,0.9487852921864741,0.6697247706422018,0.7681940700808625,0.7110266159695817,0.616822429906542,0.8729508196721312,0.7883369330453563,0.8344640434192673,0.8536585365853658,0.6790123456790124,0.46938775510204084,0.7004048582995951,0,0.5524475524475524,0.5087719298245614,0.7431192660550459,0.7547169811320755,0.7483443708609272,0.7355371900826446,0.73,0.6415094339622641,0.6242424242424243,0.6752136752136753,0.6404494382022472,0.6637168141592921,0.47191011235955055,0.5570469798657718,0.5405405405405406,0.5614973262032086,0.6683937823834197,0.7702702702702703,0.673469387755102,0.532608695652174,0.7814569536423841,0.8639175257731959,0.7864476386036962,0.8836772983114447,0.7485714285714286,0.8869448183041723,0.6460176991150443,0.5953757225433526,0.5474452554744526,0.5741935483870968,0.6302521008403361,0.6198347107438017,0.8064516129032258,0.8105263157894737,0.610062893081761,0.6102564102564103,0.6333333333333333
0.735593220338983,0.746031746031746,0.952063914780293,0.6548223350253807,0.7828571428571428,0.6611570247933884,0.5544041450777202,0.8201284796573876,0.7647058823529411,0.8631284916201117,0.7443609022556391,0.636963696369637,0.49206349206349204,0.5663716814159292,0.5524475524475524,0,0.5268817204301075,0.5227272727272727,0.7176470588235294,0.5846153846153846,0.56,0.5865921787709497,0.7411764705882353,0.3888888888888889,0.5774647887323944,0.46496815286624205,0.6304347826086957,0.4394904458598726,0.421875,0.4626865671641791,0.5180722891566265,0.46511627906976744,0.6654545454545454,0.6363636363636364,0.48466257668711654,0.7864768683274022,0.8146551724137931,0.776824034334764,0.859375,0.7792207792207793,0.925207756232687,0.7391304347826086,0.5789473684210527,0.6379310344827587,0.6417910447761194,0.5714285714285714,0.72,0.9166666666666666,0.8378378378378378,0.4782608695652174,0.7471264367816092,0.6565656565656566
0.8345864661654135,0.8391608391608392,0.9755600814663951,0.8214285714285714,0.8629283489096573,0.7934272300469484,0.7560975609756098,0.8812785388127854,0.8789346246973365,0.9243085880640466,0.8734177215189873,0.8029197080291971,0.5463917525773195,0.817258883248731,0.5087719298245614,0.5268817204301075,0,0.4915254237288136,0.5714285714285714,0.7425742574257426,0.5211267605633803,0.7733333333333333,0.39285714285714285,0.5130434782608696,0.7608695652173914,0.6875,0.49206349206349204,0.578125,0.47474747474747475,0.6744186046511628,0.6204379562043796,0.6223776223776224,0.7723577235772358,0.625,0.6119402985074627,0.7857142857142857,0.8758620689655172,0.8672768878718535,0.8840579710144928,0.68,0.9307359307359307,0.5238095238095238,0.5447154471544715,0.40229885057471265,0.5047619047619047,0.5072463768115942,0.49295774647887325,0.627906976744186,0.6,0.5045871559633027,0.6827586206896552,0.4857142857142857
0.8467432950191571,0.8647686832740213,0.9700272479564033,0.7668711656441718,0.8734177215189873,0.7980769230769231,0.7484276729559748,0.9030023094688222,0.8970588235294118,0.9384164222873901,0.8362068965517241,0.8438661710037175,0.8043478260869565,0.8020833333333334,0.7431192660550459,0.5227272727272727,0.4915254237288136,0,0.49019607843137253,0.625,0.45454545454545453,0.7103448275862069,0.6078431372549019,0.6181818181818182,0.7877094972067039,0.6747967479674797,0.5862068965517241,0.6910569105691057,0.5531914893617021,0.7485029940119761,0.6818181818181818,0.7101449275362319,0.8174273858921162,0.813953488372093,0.6589147286821705,0.8299595141700404,0.9023255813953488,0.9027777777777778,0.9121338912133892,0.7333333333333333,0.9476744186046512,0.8275862068965517,0.6440677966101694,0.6585365853658537,0.72,0.71875,0.696969696969697,0.8947368421052632,0.75,0.5961538461538461,0.8571428571428571,0.7230769230769231
0.8449612403100775,0.8561151079136691,0.9754266211604096,0.75,0.8849840255591054,0.8146341463414634,0.7435897435897436,0.9255813953488372,0.9012345679012346,0.9410898379970545,0.8427947598253275,0.8947368421052632,0.8651685393258427,0.8412698412698413,0.7547169811320755,0.7176470588235294,0.5714285714285714,0.49019607843137253,0,0.5913978494623656,0.3968253968253968,0.7183098591549296,0.5833333333333334,0.7383177570093458,0.7840909090909091,0.75,0.4909090909090909,0.7666666666666667,0.7362637362637363,0.8536585365853658,0.7984496124031008,0.8074074074074075,0.8739495798319328,0.9,0.7301587301587301,0.8934426229508197,0.9297423887587822,0.9300699300699301,0.9452631578947368,0.7777777777777778,0.962043795620438,0.9636363636363636,0.7565217391304347,0.7215189873417721,0.7938144329896907,0.7704918032786885,0.746031746031746,0.8857142857142857,0.8918918918918919,0.7425742574257426,0.8686131386861314,0.7741935483870968
0.6303630363036303,0.6470588235294118,0.928476821192053,0.4634146341463415,0.6815642458100558,0.664,0.5223880597014925,0.8315789473684211,0.7422222222222222,0.8397790055248618,0.7226277372262774,0.8006430868167203,0.9104477611940298,0.7692307692307693,0.7483443708609272,0.5846153846153846,0.7425742574257426,0.625,0.5913978494623656,0,0.5370370370370371,0.5828877005347594,0.7419354838709677,0.618421052631579,0.583710407239819,0.5878787878787879,0.7,0.6727272727272727,0.7352941176470589,0.7511961722488039,0.6896551724137931,0.7,0.8091872791519434,0.9764705882352941,0.672514619883041,0.8615916955017301,0.8813559322033898,0.8860759493670886,0.8923076923076924,0.8271604938271605,0.9561643835616438,0.96,0.7125,0.8064516129032258,0.8309859154929577,0.8301886792452831,0.8333333333333334,1,0.9512195121951219,0.6164383561643836,0.9120879120879121,0.8504672897196262
0.8021978021978022,0.78839590443686,0.9608108108108108,0.7142857142857143,0.8292682926829268,0.7545454545454545,0.6842105263157895,0.8741573033707866,0.861904761904762,0.9221902017291066,0.7622950819672131,0.8149466192170819,0.75,0.7254901960784313,0.7355371900826446,0.56,0.5211267605633803,0.45454545454545453,0.3968253968253968,0.5370370370370371,0,0.6687898089171974,0.6190476190476191,0.5573770491803278,0.675392670157068,0.5555555555555556,0.4,0.6888888888888889,0.660377358490566,0.7541899441340782,0.6666666666666666,0.7466666666666667,0.841897233201581,0.9272727272727272,0.7163120567375887,0.8378378378378378,0.9095022624434389,0.9054054054054054,0.9102040816326531,0.7878787878787878,0.9542857142857143,0.9428571428571428,0.5538461538461539,0.723404255319149,0.7321428571428571,0.7105263157894737,0.7435897435897436,0.92,0.9230769230769231,0.6206896551724138,0.8552631578947368,0.7662337662337663
0.4090909090909091,0.5,0.8781270044900578,0.4881889763779528,0.4987714987714988,0.2909698996655518,0.52,0.6297709923664122,0.5751503006012024,0.7257438551099612,0.3993808049535604,0.4722222222222222,0.825136612021858,0.33568904593639576,0.73,0.5865921787709497,0.7733333333333333,0.7103448275862069,0.7183098591549296,0.5828877005347594,0.6687898089171974,0,0.8309859154929577,0.572139303482587,0.5703703703703704,0.308411214953271,0.7583892617449665,0.6915887850467289,0.7405405405405405,0.7131782945736435,0.4080717488789238,0.5807860262008734,0.43373493975903615,0.8656716417910447,0.5727272727272728,0.8579881656804734,0.6890595009596929,0.7820267686424475,0.8137082601054482,0.8578199052132701,0.9537869062901155,0.9328859060402684,0.7511961722488039,0.815028901734104,0.8324607329842932,0.8838709677419355,0.8598726114649682,0.9689922480620154,0.9236641221374046,0.6410256410256411,0.8874458874458875,0.8846153846153846
0.8449612403100775,0.8776978417266187,0.9822525597269625,0.85,0.8977635782747604,0.8439024390243902,0.8333333333333334,0.9209302325581395,0.9209876543209876,0.93519882179676,0.9039301310043668,0.8721804511278195,0.6179775280898876,0.9153439153439153,0.6415094339622641,0.7411764705882353,0.39285714285714285,0.6078431372549019,0.5833333333333334,0.7419354838709677,0.6190476190476191,0.8309859154929577,0,0.6074766355140186,0.8068181818181818,0.7833333333333333,0.7090909090909091,0.65,0.5824175824175825,0.7682926829268293,0.7674418604651163,0.6888888888888889,0.8403361344537815,0.75,0.7142857142857143,0.8442622950819673,0.9016393442622951,0.9067599067599068,0.911578947368421,0.6923076923076923,0.9416058394160584,0.5272727272727272,0.6521739130434783,0.5189873417721519,0.5876288659793815,0.5081967213114754,0.3968253968253968,0.6,0.5675675675675675,0.5841584158415841,0.7226277372262774,0.3548387096774194
0.6466876971608833,0.6676557863501483,0.9422572178477691,0.6438356164383562,0.7419354838709677,0.6666666666666666,0.6093023255813953,0.754601226993865,0.7586206896551724,0.8373983739837398,0.7083333333333334,0.6184615384615385,0.5540540540540541,0.5161290322580645,0.6242424242424243,0.3888888888888889,0.5130434782608696,0.6181818181818182,0.7383177570093458,0.618421052631579,0.5573770491803278,0.572139303482587,0.6074766355140186,0,0.5148936170212766,0.441340782122905,0.5614035087719298,0.5083798882681564,0.4266666666666667,0.5336322869955157,0.4148936170212766,0.38144329896907214,0.6296296296296297,0.8181818181818182,0.43783783783783786,0.7227722772277227,0.7530864197530864,0.7459016393442623,0.7865168539325843,0.6590909090909091,0.9059139784946236,0.6491228070175439,0.45977011494252873,0.5507246376811594,0.5769230769230769,0.5833333333333334,0.5573770491803278,0.8297872340425532,0.8125,0.325,0.673469387755102,0.48760330578512395
0.6787564766839378,0.6403940886699507,0.9209039548022598,0.6041666666666666,0.7097505668934241,0.6276276276276276,0.5915492957746479,0.7491039426523297,0.7448405253283302,0.8413878562577447,0.6470588235294118,0.40609137055837563,0.7511520737327189,0.5772870662460567,0.6752136752136753,0.5774647887323944,0.7608695652173914,0.7877094972067039,0.7840909090909091,0.583710407239819,0.675392670157068,0.5703703703703704,0.8068181818181818,0.5148936170212766,0,0.5080645161290323,0.6830601092896175,0.5403225806451613,0.680365296803653,0.4794520547945205,0.5408560311284046,0.4448669201520912,0.6174863387978142,0.8809523809523809,0.5196850393700787,0.8333333333333334,0.772972972972973,0.7378815080789947,0.8208955223880597,0.8285714285714286,0.940959409594096,0.912568306010929,0.6872427983539094,0.8067632850241546,0.8133333333333334,0.7142857142857143,0.8010471204188482,0.901840490797546,0.9151515151515152,0.6157205240174672,0.8264150943396227,0.7578947368421053
0.5151515151515151,0.5085714285714286,0.8945998698763825,0.3879310344827586,0.574025974025974,0.3862815884476534,0.4473684210526316,0.6733067729083665,0.6268343815513627,0.7683089214380826,0.4950166112956811,0.47928994082840237,0.7515527950310559,0.38697318007662834,0.6404494382022472,0.46496815286624205,0.6875,0.6747967479674797,0.75,0.5878787878787879,0.5555555555555556,0.308411214953271,0.7833333333333333,0.441340782122905,0.5080645161290323,0,0.6535433070866141,0.6666666666666666,0.6687116564417178,0.6440677966101694,0.2537313432835821,0.48792270531400966,0.5419354838709678,0.7857142857142857,0.494949494949495,0.8164556962025317,0.7194388777555111,0.7485029940119761,0.7879341864716636,0.8412698412698413,0.9418758256274768,0.8740157480314961,0.5935828877005348,0.7483443708609272,0.7514792899408284,0.8195488721804511,0.8074074074074075,0.9626168224299065,0.908256880733945,0.5491329479768786,0.8277511961722488,0.835820895522388
0.8867924528301887,0.8456140350877193,0.9782608695652174,0.8562874251497006,0.89375,0.8490566037735849,0.8159509202453987,0.8993135011441648,0.9029126213592233,0.956268221574344,0.847457627118644,0.8388278388278388,0.7916666666666666,0.7653061224489796,0.6637168141592921,0.6304347826086957,0.49206349206349204,0.5862068965517241,0.4909090909090909,0.7,0.4,0.7583892617449665,0.7090909090909091,0.5614035087719298,0.6830601092896175,0.6535433070866141,0,0.6850393700787402,0.673469387755102,0.7777777777777778,0.6764705882352942,0.7464788732394366,0.8530612244897959,0.9148936170212766,0.7293233082706767,0.8565737051792829,0.9124423963133641,0.8944954128440367,0.9294605809128631,0.8064516129032258,0.9624277456647399,0.9354838709677419,0.7049180327868853,0.6976744186046512,0.7307692307692307,0.6470588235294118,0.7428571428571429,0.9523809523809523,0.9090909090909091,0.6481481481481481,0.8055555555555556,0.6811594202898551
0.7454545454545455,0.8171428571428572,0.9622641509433962,0.7672413793103449,0.8337662337662337,0.740072202166065,0.7105263157894737,0.8725099601593626,0.8322851153039832,0.8615179760319573,0.8471760797342193,0.6804733727810651,0.35403726708074534,0.7471264367816092,0.47191011235955055,0.4394904458598726,0.578125,0.6910569105691057,0.7666666666666667,0.6727272727272727,0.6888888888888889,0.6915887850467289,0.65,0.5083798882681564,0.5403225806451613,0.6666666666666666,0.6850393700787402,0,0.2147239263803681,0.5084745762711864,0.6517412935323383,0.32367149758454106,0.6774193548387096,0.7321428571428571,0.5656565656565656,0.6518987341772152,0.7434869739478958,0.6966067864271457,0.7989031078610603,0.5026455026455027,0.8494055482166446,0.5433070866141733,0.37967914438502676,0.3509933774834437,0.3609467455621302,0.6090225563909775,0.5259259259259259,0.8504672897196262,0.8165137614678899,0.35260115606936415,0.5023923444976076,0.47761194029850745
0.7541528239202658,0.8317757009345794,0.9681697612732095,0.7832512315270936,0.8426966292134831,0.7661290322580645,0.7185929648241206,0.87315010570824525,0.84375,0.8698060941828255,0.8382352941176471,0.7216828478964401,0.3181818181818182,0.75,0.5570469798657718,0.421875,0.47474747474747475,0.5531914893617021,0.7362637362637363,0.7352941176470589,0.660377358490566,0.7405405405405405,0.5824175824175825,0.4266666666666667,0.680365296803653,0.6687116564417178,0.673469387755102,0.2147239263803681,0,0.5362318840579711,0.5813953488372093,0.2808988764044944,0.6868327402135231,0.7349397590361446,0.514792899408284,0.6027874564459931,0.7276595744680852,0.7203389830508474,0.7837837837837838,0.425,0.8516483516483516,0.42857142857142855,0.2911392405063291,0.19672131147540983,0.2857142857142857,0.5576923076923077,0.4528301886792453,0.7948717948717948,0.775,0.2222222222222222,0.45555555555555555,0.37142857142857144
0.7593582887700535,0.7868020304568528,0.9519291587602783,0.7608695652173914,0.8041958041958042,0.7445482866043613,0.5808823529411765,0.8388278388278388,0.8042226487523992,0.8364779874213837,0.7971014492753623,0.5287958115183246,0.5609756097560976,0.6852459016393443,0.5405405405405406,0.4626865671641791,0.6744186046511628,0.7485029940119761,0.8536585365853658,0.7511961722488039,0.7541899441340782,0.7131782945736435,0.7682926829268293,0.5336322869955157,0.4794520547945205,0.6440677966101694,0.7777777777777778,0.5084745762711864,0.5362318840579711,0,0.4775510204081633,0.4581673306772908,0.5536723163841808,0.8205128205128205,0.4297520661157025,0.7666666666666667,0.8047882136279927,0.7027522935779816,0.8409475465313029,0.7682403433476395,0.8801498127340824,0.7426900584795322,0.6190476190476191,0.6717948717948717,0.6713615023474179,0.6610169491525424,0.7430167597765364,0.8940397350993378,0.8823529411764706,0.5668202764976958,0.7075098814229249,0.7078651685393258
0.5988200589970502,0.5821727019498607,0.9120310478654593,0.5269709543568465,0.6345177664974619,0.4965034965034965,0.46835443037974683,0.6908023483365949,0.6666666666666666,0.7710526315789473,0.5612903225806452,0.45821325648414984,0.6705882352941176,0.4444444444444444,0.5614973262032086,0.5180722891566265,0.6204379562043796,0.6818181818181818,0.7984496124031008,0.6896551724137931,0.6666666666666666,0.4080717488789238,0.7674418604651163,0.4148936170212766,0.5408560311284046,0.2537313432835821,0.6764705882352942,0.6517412935323383,0.5813953488372093,0.4775510204081633,0,0.4537037037037037,0.47962382445141066,0.8347107438016529,0.2753623188405797,0.7784615384615384,0.7007874015748031,0.6941176470588235,0.7733812949640287,0.7878787878787878,0.8955613577023499,0.7647058823529411,0.6020408163265306,0.6875,0.6741573033707865,0.7183098591549296,0.7777777777777778,0.8793103448275862,0.847457627118644,0.5054945054945055,0.7064220183486238,0.7482517482517482
0.6405797101449275,0.7041095890410959,0.9368556701030928,0.611336032388664,0.735,0.6301369863013698,0.5720164609053497,0.7794970986460348,0.7601626016260162,0.814621409921671,0.7025316455696202,0.5524079320113314,0.48863636363636365,0.5869565217391305,0.6683937823834197,0.46511627906976744,0.6223776223776224,0.7101449275362319,0.8074074074074075,0.7,0.7466666666666667,0.5807860262008734,0.6888888888888889,0.38144329896907214,0.4448669201520912,0.48792270531400966,0.7464788732394366,0.32367149758454106,0.2808988764044944,0.4581673306772908,0.4537037037037037,0,0.5323076923076923,0.8110236220472441,0.38967136150234744,0.6314199395770392,0.6381322957198443,0.6085271317829457,0.697508896797153,0.5098039215686274,0.8497409326424871,0.6338028169014085,0.4158415841584158,0.40963855421686746,0.42391304347826086,0.6486486486486487,0.6,0.8688524590163934,0.8548387096774194,0.26595744680851063,0.5357142857142857,0.5302013422818792
0.39732142857142855,0.5982905982905983,0.834441087613293,0.64,0.45129224652087474,0.2759493670886076,0.6994219653179191,0.535483870967742,0.5159663865546219,0.663981588032221,0.360381861575179,0.47368421052631576,0.7634408602150538,0.43007915567282323,0.7702702702702703,0.6654545454545454,0.7723577235772358,0.8174273858921162,0.8739495798319328,0.8091872791519434,0.841897233201581,0.43373493975903615,0.8403361344537815,0.6296296296296297,0.6174863387978142,0.5419354838709678,0.8530612244897959,0.6774193548387096,0.6868327402135231,0.5536723163841808,0.47962382445141066,0.5323076923076923,0,0.8782608695652174,0.5189873417721519,0.8341013824884793,0.6693679092382496,0.7318255250403877,0.8045112781954887,0.8110749185667753,0.9268571428571428,0.8612244897959184,0.7639344262295082,0.7992565055762082,0.8118466898954704,0.8007968127490039,0.83399209486166,0.9111111111111111,0.920704845814978,0.6769759450171822,0.8287461773700305,0.8015873015873016
0.92,0.9259259259259259,0.9849004804392587,0.8552631578947368,0.921311475409836,0.8578680203045685,0.8378378378378378,0.9383886255924171,0.9193954659949622,0.9552906110283159,0.9366515837104072,0.875968992248062,0.654320987654321,0.8895027624309392,0.673469387755102,0.6363636363636364,0.625,0.813953488372093,0.9,0.9764705882352941,0.9272727272727272,0.8656716417910447,0.75,0.8181818181818182,0.8809523809523809,0.7857142857142857,0.9148936170212766,0.7321428571428571,0.7349397590361446,0.8205128205128205,0.8347107438016529,0.8110236220472441,0.8782608695652174,0,0.847457627118644,0.923728813559322,0.9427207637231504,0.9287410926365796,0.9571734475374732,0.8899082568807339,0.9734121122599705,0.6595744680851063,0.794392523364486,0.7464788732394366,0.797752808988764,0.8113207547169812,0.7090909090909091,0.6296296296296297,0.5862068965517241,0.7849462365591398,0.8294573643410853,0.7407407407407407
0.6964285714285714,0.7134831460674157,0.9364873622812703,0.6134453781512605,0.7493606138107417,0.6325088339222615,0.47863247863247865,0.7874015748031497,0.7556935817805382,0.8150594451783355,0.7068403908794788,0.563953488372093,0.592814371257485,0.5880149812734082,0.532608695652174,0.48466257668711654,0.6119402985074627,0.6589147286821705,0.7301587301587301,0.672514619883041,0.7163120567375887,0.5727272727272728,0.7142857142857143,0.43783783783783786,0.5196850393700787,0.494949494949495,0.7293233082706767,0.5656565656565656,0.514792899408284,0.4297520661157025,0.2753623188405797,0.38967136150234744,0.5189873417721519,0.847457627118644,0,0.7763975155279503,0.7346534653465346,0.6844181459566075,0.7902350813743219,0.7230769230769231,0.8846657929226737,0.7142857142857143,0.6373056994818653,0.643312101910828,0.6685714285714286,0.6546762589928058,0.7021276595744681,0.8407079646017699,0.8260869565217391,0.4860335195530726,0.7023255813953488,0.6428571428571429
0.8370044052863436,0.8776371308016878,0.9662853702588802,0.8820224719101124,0.8821218074656189,0.8503740648379052,0.8352272727272727,0.8977635782747604,0.8768718801996672,0.888,0.8870588235294118,0.8354978354978355,0.7403508771929824,0.8701298701298701,0.7814569536423841,0.7864768683274022,0.7857142857142857,0.8299595141700404,0.8934426229508197,0.8615916955017301,0.8378378378378378,0.8579881656804734,0.8442622950819673,0.7227722772277227,0.8333333333333334,0.8164556962025317,0.8565737051792829,0.6518987341772152,0.6027874564459931,0.7666666666666667,0.7784615384615384,0.6314199395770392,0.8341013824884793,0.923728813559322,0.7763975155279503,0,0.3130016051364366,0.3088,0.3621460506706408,0.43130990415335463,0.5255391600454029,0.7848605577689243,0.6205787781350482,0.6218181818181818,0.5290102389078498,0.8287937743190662,0.7760617760617761,0.9307359307359307,0.9227467811158798,0.6026936026936027,0.3933933933933934,0.7751937984496124
0.6985871271585558,0.7229832572298326,0.9067245119305857,0.7662337662337663,0.7427745664739884,0.702054794520548,0.8018691588785046,0.7676143386897404,0.7576530612244898,0.7977315689981096,0.7335526315789473,0.6868217054263566,0.8076923076923077,0.6866197183098591,0.8639175257731959,0.8146551724137931,0.8758620689655172,0.9023255813953488,0.9297423887587822,0.8813559322033898,0.9095022624434389,0.6890595009596929,0.9016393442622951,0.7530864197530864,0.772972972972973,0.7194388777555111,0.9124423963133641,0.7434869739478958,0.7276595744680852,0.8047882136279927,0.7007874015748031,0.6381322957198443,0.6693679092382496,0.9427207637231504,0.7346534653465346,0.3130016051364366,0,0.09158415841584158,0.16627634660421545,0.6370967741935484,0.39285714285714285,0.8755760368663594,0.7692307692307693,0.7860262008733624,0.7184873949579832,0.8909090909090909,0.8461538461538461,0.9516908212560387,0.9519230769230769,0.6958333333333333,0.6007751937984496,0.8367346938775511
0.7777777777777778,0.802731411229135,0.9349945828819068,0.7929759704251387,0.8213256484149856,0.78839590443686,0.7355679702048417,0.8323057953144266,0.8193384223918575,0.8226415094339623,0.8163934426229508,0.7063369397217929,0.7659574468085106,0.7614035087719299,0.7864476386036962,0.776824034334764,0.8672768878718535,0.9027777777777778,0.9300699300699301,0.8860759493670886,0.9054054054054054,0.7820267686424475,0.9067599067599068,0.7459016393442623,0.7378815080789947,0.7485029940119761,0.8944954128440367,0.6966067864271457,0.7203389830508474,0.7027522935779816,0.6941176470588235,0.6085271317829457,0.7318255250403877,0.9287410926365796,0.6844181459566075,0.3088,0.09158415841584158,0,0.1542056074766355,0.6345381526104418,0.35834896810506567,0.8577981651376146,0.7540322580645161,0.7739130434782608,0.698744769874477,0.8778280542986425,0.8558558558558559,0.9471153846153846,0.9521531100478469,0.70124481327800825,0.5675675675675675,0.8419864559819413
0.8043795620437956,0.8326241134751773,0.9418604651162791,0.8262350936967632,0.8405405405405405,0.8132911392405063,0.8250428816466552,0.8553092182030338,0.8509615384615384,0.8625678119349005,0.8384146341463414,0.8124098124098124,0.8565891472868217,0.827922077922078,0.8836772983114447,0.859375,0.8840579710144928,0.9121338912133892,0.9452631578947368,0.8923076923076924,0.9102040816326531,0.8137082601054482,0.911578947368421,0.7865168539325843,0.8208955223880597,0.7879341864716636,0.9294605809128631,0.7989031078610603,0.7837837837837838,0.8409475465313029,0.7733812949640287,0.697508896797153,0.8045112781954887,0.9571734475374732,0.7902350813743219,0.3621460506706408,0.16627634660421545,0.1542056074766355,0,0.6727941176470589,0.25719424460431656,0.8921161825726142,0.7896678966789668,0.8063241106719368,0.7366412213740458,0.9221311475409836,0.8775510204081632,0.9653679653679653,0.9612068965517241,0.7310606060606061,0.6418439716312057,0.8732106339468303
0.8165137614678899,0.8847262247838616,0.9752281616688396,0.8427947598253275,0.8900523560209425,0.8686131386861314,0.8666666666666667,0.9078156312625251,0.9113924050632911,0.9064171122994652,0.8993288590604027,0.8507462686567164,0.6455696202531646,0.875968992248062,0.7485714285714286,0.7792207792207793,0.68,0.7333333333333333,0.7777777777777778,0.8271604938271605,0.7878787878787878,0.8578199052132701,0.6923076923076923,0.6590909090909091,0.8285714285714286,0.8412698412698413,0.8064516129032258,0.5026455026455027,0.425,0.7682403433476395,0.7878787878787878,0.5098039215686274,0.8110749185667753,0.8899082568807339,0.7230769230769231,0.43130990415335463,0.6370967741935484,0.6345381526104418,0.6727941176470589,0,0.7612732095490716,0.6612903225806451,0.5108695652173914,0.43243243243243246,0.27710843373493976,0.7692307692307693,0.6060606060606061,0.8269230769230769,0.8679245283018868,0.4470588235294118,0.20388349514563106,0.6030534351145038
0.9284916201117318,0.9519125683060109,0.9809705042816366,0.9498117942283564,0.9494736842105264,0.9429928741092637,0.9092055485498108,0.9512652296157451,0.9404990403071017,0.9164133738601824,0.9607390300230947,0.9047619047619048,0.8870523415977961,0.9564164648910412,0.8869448183041723,0.925207756232687,0.9307359307359307,0.9476744186046512,0.962043795620438,0.9561643835616438,0.9542857142857143,0.9537869062901155,0.9416058394160584,0.9059139784946236,0.940959409594096,0.9418758256274768,0.9624277456647399,0.8494055482166446,0.8516483516483516,0.8801498127340824,0.8955613577023499,0.8497409326424871,0.9268571428571428,0.9734121122599705,0.8846657929226737,0.5255391600454029,0.39285714285714285,0.35834896810506567,0.25719424460431656,0.7612732095490716,0,0.9190751445086706,0.8617021276595744,0.8687150837988827,0.8119891008174387,0.9512893982808023,0.9171428571428571,0.9761904761904762,0.973293768545994,0.8536585365853658,0.7312661498708011,0.9170243204577968
